7.92902
13.3197
17.0066
18.7
19.3849
18.8377
18.1558
17.0053
16.0544
14.868
13.8908
12.7187
11.7262
10.5693
9.56157
8.41907
7.39066
6.24808
5.18555
4.06843
3.05662
2.10057
1.29777
0.574501
14.9476
26.1081
32.756
36.6159
37.2678
36.9106
34.9823
33.2659
30.9585
29.086
26.7926
24.8878
22.6245
20.6894
18.4564
16.4894
14.2774
12.2505
10.0312
7.98558
5.93139
4.1298
2.50677
1.14212
21.9084
36.7592
46.9997
51.6956
53.6154
52.1109
50.2444
47.0562
44.4421
41.1589
38.473
35.2311
32.5018
29.3032
26.5306
23.3737
20.5451
17.3924
14.4644
11.3659
8.56145
5.89372
3.61944
1.64221
26.2704
45.9382
57.6709
64.501
65.6938
65.083
61.6936
58.68
54.6218
51.3369
47.3076
43.9666
39.9907
36.5962
32.6738
29.2241
25.3431
21.7907
17.8951
14.2945
10.6398
7.43102
4.52187
2.04899
30.5562
51.3101
65.6343
72.2597
74.9634
72.8814
70.2925
65.8455
62.206
57.6354
53.9009
49.3887
45.5936
41.1419
37.2862
32.8935
28.9647
24.5867
20.5096
16.1866
12.258
8.4567
5.22007
2.37629
31.1806
54.5392
68.5267
76.672
78.1144
77.4221
73.4041
69.8296
65.0225
61.1366
56.3664
52.4142
47.7076
43.6917
39.0486
34.9675
30.376
26.1832
21.5778
17.2901
12.9347
9.08062
5.538
2.52698
31.6626
53.1999
68.0855
74.9846
77.8297
75.6899
73.0106
68.4089
64.647
59.9193
56.0595
51.3925
47.4698
42.8656
38.88
34.337
30.2761
25.7504
21.54
17.0562
12.9492
8.97204
5.55492
2.53653
28.3392
49.5896
62.3312
69.7775
71.1233
70.5164
66.8806
63.6432
59.2795
55.7542
51.4229
47.8371
43.5637
39.9199
35.7044
32.001
27.8313
24.0212
19.8279
15.918
11.9285
8.38218
5.12314
2.3406
24.8762
41.8166
53.5458
59.0142
61.3013
59.6638
57.5904
53.9862
51.0359
47.321
44.2908
40.6234
37.5435
33.9257
30.7962
27.2263
24.0346
20.4668
17.1315
13.5652
10.2913
7.11951
4.40275
2.00892
18.4351
32.2789
40.6099
45.5264
46.4821
46.1612
43.8405
41.7552
38.9177
36.6255
33.8047
31.4722
28.6893
26.3189
23.5738
21.1639
18.4443
15.9456
13.1685
10.5533
7.87723
5.50458
3.34762
1.52324
11.9075
20.0467
25.7245
28.4458
29.6649
28.9854
28.0642
26.3634
24.9578
23.1752
21.7241
19.9637
18.4884
16.7521
15.2527
13.5388
12.0025
10.2615
8.59299
6.77649
5.0897
3.47143
2.12013
0.956236
3.95943
6.97332
8.85211
10.0682
10.4535
10.5483
10.1506
9.74704
9.1412
8.64939
8.037
7.53487
6.93097
6.42028
5.82486
5.30402
4.70413
4.12099
3.41406
2.69032
1.93387
1.27601
0.73506
0.318313
-4.01242
-6.6822
-8.43745
-9.09059
-9.18515
-8.68805
-8.19568
-7.55829
-7.06825
-6.47703
-5.99015
-5.40792
-4.91369
-4.33888
-3.8373
-3.27152
-2.77576
-2.27311
-1.89535
-1.56283
-1.30102
-1.01125
-0.685904
-0.338081
-11.5004
-20.0554
-25.0708
-27.81
-28.0345
-27.497
-25.8398
-24.4477
-22.6687
-21.2381
-19.4904
-18.0381
-16.3135
-14.8382
-13.1366
-11.64
-9.97496
-8.51229
-7.00734
-5.71084
-4.41621
-3.24238
-2.05665
-0.969567
-18.9443
-31.756
-40.4872
-44.3074
-45.6364
-44.035
-42.2174
-39.3854
-37.1177
-34.2985
-31.9941
-29.2132
-26.8718
-24.128
-21.7497
-19.0445
-16.6427
-14.0345
-11.7372
-9.38805
-7.2982
-5.21794
-3.31954
-1.55297
-24.1205
-42.1222
-52.7682
-58.7394
-59.4621
-58.5644
-55.2287
-52.3714
-48.6441
-45.6447
-41.9693
-38.9219
-35.2953
-32.1992
-28.6215
-25.4781
-21.9632
-18.8305
-15.5191
-12.5734
-9.60369
-6.93439
-4.33848
-2.02262
-29.2005
-48.9832
-62.5108
-68.5072
-70.6858
-68.3258
-65.5993
-61.259
-57.7715
-53.4212
-49.8694
-45.5777
-41.9685
-37.7344
-34.0678
-29.8927
-26.1824
-22.1277
-18.5125
-14.778
-11.4329
-8.12264
-5.14049
-2.39423
-30.8015
-53.8096
-67.4454
-75.1347
-76.1207
-75.0346
-70.8118
-67.1823
-62.4255
-58.599
-53.9049
-50.0164
-45.385
-41.4339
-36.8651
-32.8531
-28.3611
-24.3474
-20.0819
-16.2659
-12.4116
-8.94378
-5.58725
-2.6028
-32.2841
-54.1845
-69.1738
-75.8511
-78.3006
-75.7151
-72.7206
-67.9318
-64.0839
-59.2783
-55.3579
-50.6171
-46.633
-41.9559
-37.9082
-33.2965
-29.1988
-24.7146
-20.7092
-16.5633
-12.8302
-9.12091
-5.78111
-2.69418
-29.9219
-52.2961
-65.5834
-73.0852
-74.0857
-73.0485
-68.95
-65.432
-60.8193
-57.1118
-52.5605
-48.7928
-44.3024
-40.4738
-36.0444
-32.1566
-27.8022
-23.9142
-19.7833
-16.0719
-12.2917
-8.88648
-5.56521
-2.59866
-27.419
-46.0399
-58.8227
-64.5284
-66.6316
-64.4642
-61.9252
-57.8588
-54.5992
-50.5272
-47.2079
-43.1912
-39.8179
-35.8553
-32.4279
-28.5212
-25.0533
-21.2631
-17.8755
-14.3407
-11.1542
-7.96453
-5.0526
-2.36711
-21.6232
-37.8145
-47.4455
-52.9212
-53.6623
-52.926
-49.9737
-47.4335
-44.1032
-41.4324
-38.1503
-35.4363
-32.1983
-29.4402
-26.2465
-23.4459
-20.3101
-17.5152
-14.5338
-11.8512
-9.10666
-6.58879
-4.14283
-1.93874
-15.6857
-26.3723
-33.7149
-37.0035
-38.2367
-37.003
-35.5536
-33.225
-31.3619
-29.0319
-27.1368
-24.8394
-22.9131
-20.647
-18.6896
-16.4563
-14.4776
-12.313
-10.3788
-8.35185
-6.50429
-4.65453
-2.95706
-1.37776
-7.88771
-13.7743
-17.3026
-19.3111
-19.5845
-19.3263
-18.2483
-17.3264
-16.1093
-15.1405
-13.9422
-12.9574
-11.7757
-10.7744
-9.6093
-8.59232
-7.4496
-6.43536
-5.34786
-4.36776
-3.36157
-2.4357
-1.52221
-0.727271
