-0.198232
-0.158011
-0.125951
-0.100396
-0.0800253
-0.0637875
-0.0508439
-0.040526
-0.0323009
-0.0257437
-0.0205156
-0.0163465
-0.0130209
-0.0103669
-0.008247
-0.00655129
-0.00519158
-0.0040968
-0.00320926
-0.00248159
-0.00187407
-0.00135248
-0.00088596
-0.000445125
-0.384008
-0.306094
-0.243988
-0.194483
-0.155022
-0.123567
-0.0984932
-0.0785057
-0.0625722
-0.0498697
-0.0397421
-0.0316659
-0.0252237
-0.0200824
-0.0159758
-0.0126909
-0.010057
-0.00793618
-0.00621688
-0.00480724
-0.00363039
-0.00261997
-0.00171625
-0.000862282
-0.545655
-0.434944
-0.346695
-0.276351
-0.220279
-0.175582
-0.139954
-0.111553
-0.0889119
-0.0708623
-0.0564714
-0.0449956
-0.0358416
-0.0285361
-0.0227008
-0.0180332
-0.0142904
-0.0112769
-0.00883386
-0.00683084
-0.0051586
-0.00372285
-0.0024387
-0.00122526
-0.673017
-0.536465
-0.427617
-0.340854
-0.271694
-0.216565
-0.17262
-0.13759
-0.109665
-0.0874024
-0.0696525
-0.055498
-0.0442074
-0.0351967
-0.0279994
-0.0222423
-0.017626
-0.0139091
-0.0108958
-0.00842524
-0.00636267
-0.0045918
-0.00300792
-0.00151125
-0.758091
-0.604277
-0.481671
-0.38394
-0.306038
-0.24394
-0.194441
-0.154982
-0.123527
-0.0984506
-0.078457
-0.0625133
-0.0497955
-0.0396458
-0.0315387
-0.0250539
-0.019854
-0.0156672
-0.0122731
-0.00949024
-0.00716695
-0.00517223
-0.00338815
-0.00170228
-0.795531
-0.634121
-0.50546
-0.402902
-0.321152
-0.255988
-0.204044
-0.162637
-0.129628
-0.103313
-0.0823318
-0.0656007
-0.0522548
-0.0416038
-0.0330964
-0.0262912
-0.0208345
-0.016441
-0.0128792
-0.00995894
-0.00752091
-0.00542767
-0.00355548
-0.00178635
-0.782985
-0.624121
-0.497488
-0.396548
-0.316088
-0.251951
-0.200826
-0.160072
-0.127584
-0.101684
-0.0810333
-0.0645661
-0.0514307
-0.0409477
-0.0325744
-0.0258766
-0.020506
-0.0161817
-0.0126761
-0.00980188
-0.0074023
-0.00534208
-0.00349941
-0.00175818
-0.721242
-0.574904
-0.458258
-0.365278
-0.291162
-0.232083
-0.184989
-0.147449
-0.117523
-0.0936651
-0.0746433
-0.0594746
-0.047375
-0.0377187
-0.0300057
-0.0238361
-0.0188889
-0.0149057
-0.0116765
-0.00902894
-0.00681858
-0.00492082
-0.00322345
-0.00161953
-0.614179
-0.489565
-0.390233
-0.311055
-0.247941
-0.197632
-0.157529
-0.125561
-0.100078
-0.0797613
-0.0635631
-0.0506461
-0.0403426
-0.0321197
-0.0255516
-0.0202978
-0.016085
-0.0126931
-0.00994322
-0.00768867
-0.00580642
-0.00419036
-0.00274496
-0.00137913
-0.468526
-0.373464
-0.297689
-0.237288
-0.189142
-0.150763
-0.120171
-0.0957844
-0.076344
-0.0608458
-0.0484891
-0.0386354
-0.0307753
-0.0245025
-0.019492
-0.0154842
-0.0122704
-0.00968289
-0.00758518
-0.00586529
-0.00442942
-0.00319661
-0.00209399
-0.00105207
-0.293434
-0.233897
-0.18644
-0.148611
-0.118458
-0.0944218
-0.075262
-0.0599889
-0.0478136
-0.0381072
-0.0303683
-0.024197
-0.0192743
-0.0153457
-0.0122077
-0.00969759
-0.00768486
-0.00606431
-0.00475053
-0.00367338
-0.00277411
-0.00200201
-0.00131145
-0.000658899
-0.0999037
-0.0796336
-0.0634761
-0.0505969
-0.0403306
-0.0321472
-0.025624
-0.0204241
-0.0162788
-0.0129741
-0.0103393
-0.0082382
-0.00656221
-0.00522465
-0.00415628
-0.00330168
-0.00261642
-0.00206468
-0.00161738
-0.00125065
-0.000944484
-0.000681613
-0.000446501
-0.000224332
0.0999037
0.0796336
0.0634761
0.0505969
0.0403306
0.0321472
0.025624
0.0204241
0.0162788
0.0129741
0.0103393
0.0082382
0.00656221
0.00522465
0.00415628
0.00330168
0.00261642
0.00206468
0.00161738
0.00125065
0.000944484
0.000681613
0.000446501
0.000224332
0.293434
0.233897
0.18644
0.148611
0.118458
0.0944218
0.075262
0.0599889
0.0478136
0.0381072
0.0303683
0.024197
0.0192743
0.0153457
0.0122077
0.00969759
0.00768486
0.00606431
0.00475053
0.00367338
0.00277411
0.00200201
0.00131145
0.000658899
0.468526
0.373464
0.297689
0.237288
0.189142
0.150763
0.120171
0.0957844
0.076344
0.0608458
0.0484891
0.0386354
0.0307753
0.0245025
0.019492
0.0154842
0.0122704
0.00968289
0.00758518
0.00586529
0.00442942
0.00319661
0.00209399
0.00105207
0.614179
0.489565
0.390233
0.311055
0.247941
0.197632
0.157529
0.125561
0.100078
0.0797613
0.0635631
0.0506461
0.0403426
0.0321197
0.0255516
0.0202978
0.016085
0.0126931
0.00994322
0.00768867
0.00580642
0.00419036
0.00274496
0.00137913
0.721242
0.574904
0.458258
0.365278
0.291162
0.232083
0.184989
0.147449
0.117523
0.0936651
0.0746433
0.0594746
0.047375
0.0377187
0.0300057
0.0238361
0.0188889
0.0149057
0.0116765
0.00902894
0.00681858
0.00492082
0.00322345
0.00161953
0.782985
0.624121
0.497488
0.396548
0.316088
0.251951
0.200826
0.160072
0.127584
0.101684
0.0810333
0.0645661
0.0514307
0.0409477
0.0325744
0.0258766
0.020506
0.0161817
0.0126761
0.00980188
0.0074023
0.00534208
0.00349941
0.00175818
0.795531
0.634121
0.50546
0.402902
0.321152
0.255988
0.204044
0.162637
0.129628
0.103313
0.0823318
0.0656007
0.0522548
0.0416038
0.0330964
0.0262912
0.0208345
0.016441
0.0128792
0.00995894
0.00752091
0.00542767
0.00355548
0.00178635
0.758091
0.604277
0.481671
0.38394
0.306038
0.24394
0.194441
0.154982
0.123527
0.0984506
0.078457
0.0625133
0.0497955
0.0396458
0.0315387
0.0250539
0.019854
0.0156672
0.0122731
0.00949024
0.00716695
0.00517223
0.00338815
0.00170228
0.673017
0.536465
0.427617
0.340854
0.271694
0.216565
0.17262
0.13759
0.109665
0.0874024
0.0696525
0.055498
0.0442074
0.0351967
0.0279994
0.0222423
0.017626
0.0139091
0.0108958
0.00842524
0.00636267
0.0045918
0.00300792
0.00151125
0.545655
0.434944
0.346695
0.276351
0.220279
0.175582
0.139954
0.111553
0.0889119
0.0708623
0.0564714
0.0449956
0.0358416
0.0285361
0.0227008
0.0180332
0.0142904
0.0112769
0.00883386
0.00683084
0.0051586
0.00372285
0.0024387
0.00122526
0.384008
0.306094
0.243988
0.194483
0.155022
0.123567
0.0984932
0.0785057
0.0625722
0.0498697
0.0397421
0.0316659
0.0252237
0.0200824
0.0159758
0.0126909
0.010057
0.00793618
0.00621688
0.00480724
0.00363039
0.00261997
0.00171625
0.000862282
0.198232
0.158011
0.125951
0.100396
0.0800253
0.0637875
0.0508439
0.040526
0.0323009
0.0257437
0.0205156
0.0163465
0.0130209
0.0103669
0.008247
0.00655129
0.00519158
0.0040968
0.00320926
0.00248159
0.00187407
0.00135248
0.00088596
0.000445125
